9865.95304657 125.61516932 243.94778363 106.73504856 -138.32708116 -10.84798334 -47.50790216 8.58329857 -15.72885921 1.00912428 30.39780393 -24.67459106 -23.40932064 -9.31734822 -7.50855923 24.07258246 14.73431146 -14.40890976 6.08350395 -4.09079789
125.61516932 3850.70359175 51.08110052 -56.27594469 119.81258571 102.35109056 22.36966953 55.70285192 -32.07734469 31.41052545 -0.86898156 0.72314673 -9.69452616 3.52661966 1.04850004 -2.96841541 -3.48753845 10.30348573 3.98070699 2.63434967
243.94778363 51.08110052 1894.43276888 -53.09580379 -18.12374458 -30.97129799 52.75887513 -16.69853922 -13.15147388 18.66485747 7.22429859 6.06844541 5.97050627 10.22156356 1.14321475 -6.71230804 0.24665467 0.97209151 2.69093841 0.47707302
106.73504856 -56.27594469 -53.09580379 1187.76469529 -15.05683422 -41.08334674 46.93392398 8.28528091 -18.83103154 4.09242161 12.69491186 5.43747683 16.67952623 18.26586904 9.50609238 7.27571934 3.43180318 -0.47124751 1.55145656 0.85686328
-138.32708116 119.81258571 -18.12374458 -15.05683422 717.29926700 9.35845441 1.01781356 -23.65944908 -12.29034943 -10.57231286 -1.82536758 1.54394239 -5.96509950 -5.53444635 -1.32369439 -4.54427514 -4.89547508 -0.16681043 0.42977625 -0.82262194
-10.84798334 102.35109056 -30.97129799 -41.08334674 9.35845441 365.73804010 -16.26238351 16.25516214 6.87229612 3.69404581 0.38453006 2.98823705 -1.37832032 -2.11496695 -0.45151447 -0.64605130 -0.04794356 0.61317160 -1.07965329 -0.90881471
-47.50790216 22.36966953 52.75887513 46.93392398 1.01781356 -16.26238351 184.12494160 19.02874124 3.51578647 0.92776765 1.20851897 2.11962578 7.51478420 6.16405120 0.91888991 2.01572700 2.16519009 -0.31101872 0.82429434 -0.91063687
8.58329857 55.70285192 -16.69853922 8.28528091 -23.65944908 16.25516214 19.02874124 109.01241493 5.54427028 5.96550401 1.57926927 -3.14165482 0.06920950 -1.43701859 -1.31720503 1.02064563 1.14255605 0.16206154 0.56097469 -0.38693702
-15.72885921 -32.07734469 -13.15147388 -18.83103154 -12.29034943 6.87229612 3.51578647 5.54427028 63.94246562 11.06657050 4.58536953 -1.67585823 1.17489077 0.34513343 -1.44854954 -0.08600845 1.40753852 0.93186976 0.90345913 -0.14955139
1.00912428 31.41052545 18.66485747 4.09242161 -10.57231286 3.69404581 0.92776765 5.96550401 11.06657050 39.55458844 9.00546564 3.17622585 4.23905467 1.77742174 -1.38474964 -0.89194329 0.17638798 0.73240317 0.69780307 0.05997332
30.39780393 -0.86898156 7.22429859 12.69491186 -1.82536758 0.38453006 1.20851897 1.57926927 4.58536953 9.00546564 21.98217187 4.43825285 3.95166052 2.13602444 -1.74373588 0.23411876 0.72243304 0.54102976 0.26146245 0.02587397
-24.67459106 0.72314673 6.06844541 5.43747683 1.54394239 2.98823705 2.11962578 -3.14165482 -1.67585823 3.17622585 4.43825285 15.35912051 5.13415381 2.78908202 -0.88703679 -0.92701735 -0.26405566 0.10833996 0.00058089 0.12928790
-23.40932064 -9.69452616 5.97050627 16.67952623 -5.96509950 -1.37832032 7.51478420 0.06920950 1.17489077 4.23905467 3.95166052 5.13415381 14.34667687 6.52715507 2.61733951 0.06182846 -0.24932103 -0.02483655 0.39630701 -0.22639790
-9.31734822 3.52661966 10.22156356 18.26586904 -5.53444635 -2.11496695 6.16405120 -1.43701859 0.34513343 1.77742174 2.13602444 2.78908202 6.52715507 9.95224436 4.43426012 0.41606869 -0.39310471 -0.02858330 0.45600079 -0.23521544
-7.50855923 1.04850004 1.14321475 9.50609238 -1.32369439 -0.45151447 0.91888991 -1.31720503 -1.44854954 -1.38474964 -1.74373588 -0.88703679 2.61733951 4.43426012 8.36563242 2.49465321 -0.46609623 -0.30463836 0.28538655 -0.07533238
24.07258246 -2.96841541 -6.71230804 7.27571934 -4.54427514 -0.64605130 2.01572700 1.02064563 -0.08600845 -0.89194329 0.23411876 -0.92701735 0.06182846 0.41606869 2.49465321 4.32282766 0.93479498 -0.27206657 -0.01022682 0.23046407
14.73431146 -3.48753845 0.24665467 3.43180318 -4.89547508 -0.04794356 2.16519009 1.14255605 1.40753852 0.17638798 0.72243304 -0.26405566 -0.24932103 -0.39310471 -0.46609623 0.93479498 3.07978871 0.36878995 -0.20598113 0.03878333
-14.40890976 10.30348573 0.97209151 -0.47124751 -0.16681043 0.61317160 -0.31101872 0.16206154 0.93186976 0.73240317 0.54102976 0.10833996 -0.02483655 -0.02858330 -0.30463836 -0.27206657 0.36878995 2.10261712 0.19249204 -0.02772047
6.08350395 3.98070699 2.69093841 1.55145656 0.42977625 -1.07965329 0.82429434 0.56097469 0.90345913 0.69780307 0.26146245 0.00058089 0.39630701 0.45600079 0.28538655 -0.01022682 -0.20598113 0.19249204 1.12149477 0.04138729
-4.09079789 2.63434967 0.47707302 0.85686328 -0.82262194 -0.90881471 -0.91063687 -0.38693702 -0.14955139 0.05997332 0.02587397 0.12928790 -0.22639790 -0.23521544 -0.07533238 0.23046407 0.03878333 -0.02772047 0.04138729 0.74175169
