9111.62197141 450.62941947 -104.82841532 -348.04136129 -46.30996924 94.58714256 -133.19173857 23.01756290 23.76695715 22.35401771 -19.97289992 -19.23941945 20.56946222 4.19139569 6.06521583 29.75558416 -6.23874809 1.62255051 -1.06740447 3.36635424
450.62941947 4773.37519896 30.21421366 -93.98255759 40.88629506 -14.71869946 -1.09315390 7.47706392 22.87856645 -50.17618094 -13.42087757 6.78609409 -10.79539040 2.79989624 -3.41800813 -6.99758560 -0.71569826 11.02295620 0.46575323 -0.58598781
-104.82841532 30.21421366 1833.23009501 -96.61747906 65.80796837 -32.93898117 -11.67799956 -25.19787852 -40.87210835 -0.95577528 22.07306168 9.76252107 -1.12676589 -6.12755384 1.17641755 10.91779551 7.23361254 -1.16177479 -2.09282095 -3.72764554
-348.04136129 -93.98255759 -96.61747906 1222.45413130 23.80946899 -45.87419200 31.89257288 20.25842681 4.50082714 -5.55242531 -13.69196586 -12.48532738 1.15075569 2.29445109 -4.83582944 -1.41950590 -2.16411002 -4.87435884 -0.54615467 -0.49502113
-46.30996924 40.88629506 65.80796837 23.80946899 589.09790474 20.87323686 8.30044285 -7.01472686 -1.36866949 3.35626958 2.31005451 -1.49912824 1.64641979 1.01652578 0.64223685 -1.15924487 -3.11315106 -0.94555102 -0.37413980 -0.70195368
94.58714256 -14.71869946 -32.93898117 -45.87419200 20.87323686 286.91442256 -40.34338205 -12.38673010 0.45369121 -0.52240195 3.58576821 -1.49649665 -0.74711139 2.46937180 -1.65363220 -1.43550343 -1.49496985 -1.35772002 -1.50574953 -0.91603422
-133.19173857 -1.09315390 -11.67799956 31.89257288 8.30044285 -40.34338205 165.46994937 9.99240709 13.01291367 3.76441660 -0.04382886 -4.99113216 -0.02719937 -0.66900634 0.54824399 1.04447662 1.33304485 1.02789070 -0.20276119 -0.21981395
23.01756290 7.47706392 -25.19787852 20.25842681 -7.01472686 -12.38673010 9.99240709 90.09325270 4.73083103 5.68281998 1.25560191 -1.34424229 -0.45293064 -0.61292201 -0.67995760 0.18239933 -0.73454742 0.54929974 -0.24682342 -0.22685456
23.76695715 22.87856645 -40.87210835 4.50082714 -1.36866949 0.45369121 13.01291367 4.73083103 52.42796948 1.65554898 0.98344126 -0.92695107 -0.30464645 -0.62232974 -0.35016476 -0.03927797 -0.08199648 -0.88560912 -0.88020888 0.23143442
22.35401771 -50.17618094 -0.95577528 -5.55242531 3.35626958 -0.52240195 3.76441660 5.68281998 1.65554898 29.74219773 4.11543973 3.17969270 0.69480070 -1.42407336 -0.00463360 0.20483630 -0.04436271 0.08865583 0.02962306 0.05592530
-19.97289992 -13.42087757 22.07306168 -13.69196586 2.31005451 3.58576821 -0.04382886 1.25560191 0.98344126 4.11543973 17.26985147 4.35978838 0.64446436 -0.83227109 0.94868179 0.40451357 0.21436713 0.00596994 -0.40787700 0.07359180
-19.23941945 6.78609409 9.76252107 -12.48532738 -1.49912824 -1.49649665 -4.99113216 -1.34424229 -0.92695107 3.17969270 4.35978838 11.66989222 1.32552332 -0.76695216 0.95022689 0.46339427 -0.00011019 -0.24262573 -0.35855277 -0.09346984
20.56946222 -10.79539040 -1.12676589 1.15075569 1.64641979 -0.74711139 -0.02719937 -0.45293064 -0.30464645 0.69480070 0.64446436 1.32552332 6.54098120 1.26289421 1.45824734 1.27674744 -0.10422914 -0.15071759 -0.01680398 -0.04133982
4.19139569 2.79989624 -6.12755384 2.29445109 1.01652578 2.46937180 -0.66900634 -0.61292201 -0.62232974 -1.42407336 -0.83227109 -0.76695216 1.26289421 4.86477539 1.56546026 1.15478354 -0.13454005 -0.19512693 0.09046035 -0.02229146
6.06521583 -3.41800813 1.17641755 -4.83582944 0.64223685 -1.65363220 0.54824399 -0.67995760 -0.35016476 -0.00463360 0.94868179 0.95022689 1.45824734 1.56546026 3.95580056 1.61503914 0.48056452 0.09155999 0.25559315 0.17045524
29.75558416 -6.99758560 10.91779551 -1.41950590 -1.15924487 -1.43550343 1.04447662 0.18239933 -0.03927797 0.20483630 0.40451357 0.46339427 1.27674744 1.15478354 1.61503914 3.00036987 1.01750205 0.17955461 0.01799814 0.02714524
-6.23874809 -0.71569826 7.23361254 -2.16411002 -3.11315106 -1.49496985 1.33304485 -0.73454742 -0.08199648 -0.04436271 0.21436713 -0.00011019 -0.10422914 -0.13454005 0.48056452 1.01750205 2.16854228 0.73493306 -0.20786798 -0.01052863
1.62255051 11.02295620 -1.16177479 -4.87435884 -0.94555102 -1.35772002 1.02789070 0.54929974 -0.88560912 0.08865583 0.00596994 -0.24262573 -0.15071759 -0.19512693 0.09155999 0.17955461 0.73493306 1.52266466 0.32184921 -0.02711210
-1.06740447 0.46575323 -2.09282095 -0.54615467 -0.37413980 -1.50574953 -0.20276119 -0.24682342 -0.88020888 0.02962306 -0.40787700 -0.35855277 -0.01680398 0.09046035 0.25559315 0.01799814 -0.20786798 0.32184921 1.04451122 0.17349797
3.36635424 -0.58598781 -3.72764554 -0.49502113 -0.70195368 -0.91603422 -0.21981395 -0.22685456 0.23143442 0.05592530 0.07359180 -0.09346984 -0.04133982 -0.02229146 0.17045524 0.02714524 -0.01052863 -0.02711210 0.17349797 0.58507463
