2015.39324875 68.12583076 -60.26664042 -34.12946581 -4.26766367 -7.86248249 22.33659251 9.08550826 -4.66445797 -4.14458853
68.12583076 962.98490018 -68.11095716 -21.95124904 -5.74243244 6.63132192 13.39636154 11.94406515 -1.23793969 -3.99693401
-60.26664042 -68.11095716 477.84445579 -13.81025890 -7.92681967 9.55812773 4.36212847 2.20115900 3.63663517 1.59222395
-34.12946581 -21.95124904 -13.81025890 221.44394067 -4.42470674 -4.90164202 -1.68632656 -0.28970574 2.72845658 1.62220822
-4.26766367 -5.74243244 -7.92681967 -4.42470674 126.53120159 1.59977727 2.71726574 0.68830268 -1.21024837 -0.62345242
-7.86248249 6.63132192 9.55812773 -4.90164202 1.59977727 48.56894741 0.38958261 -0.25689794 1.23762131 -1.32033011
22.33659251 13.39636154 4.36212847 -1.68632656 2.71726574 0.38958261 27.24312391 0.13484377 1.55090158 0.28384894
9.08550826 11.94406515 2.20115900 -0.28970574 0.68830268 -0.25689794 0.13484377 14.56349495 0.31578653 0.67639104
-4.66445797 -1.23793969 3.63663517 2.72845658 -1.21024837 1.23762131 1.55090158 0.31578653 7.73586100 0.14315462
-4.14458853 -3.99693401 1.59222395 1.62220822 -0.62345242 -1.32033011 0.28384894 0.67639104 0.14315462 4.11249785
