2335.35242594 63.14446735 -57.74731701 2.04405413 -31.44230389 -34.29737257 22.10252531 -12.05811395 -5.24130808 2.83146481
63.14446735 1020.20229935 -21.83490435 8.80328684 -19.73583843 -22.94135698 3.31538599 -2.32978840 6.73576214 1.11119756
-57.74731701 -21.83490435 478.19146204 1.21858228 10.98402860 16.34758860 7.35820095 1.37460451 3.40589490 -0.36840668
2.04405413 8.80328684 1.21858228 277.54480391 -8.02192317 6.96676802 -3.01453271 -1.18675180 -1.22451936 -3.43440261
-31.44230389 -19.73583843 10.98402860 -8.02192317 119.54639700 -1.48971354 6.90213802 0.30510810 -2.01813345 -0.36588466
-34.29737257 -22.94135698 16.34758860 6.96676802 -1.48971354 66.04797477 0.82661581 -2.47454441 1.07328856 -0.57393976
22.10252531 3.31538599 7.35820095 -3.01453271 6.90213802 0.82661581 29.65437876 -0.50619326 -2.58965164 0.18078601
-12.05811395 -2.32978840 1.37460451 -1.18675180 0.30510810 -2.47454441 -0.50619326 15.51052834 0.39936637 -0.36552173
-5.24130808 6.73576214 3.40589490 -1.22451936 -2.01813345 1.07328856 -2.58965164 0.39936637 7.92580217 0.02981061
2.83146481 1.11119756 -0.36840668 -3.43440261 -0.36588466 -0.57393976 0.18078601 -0.36552173 0.02981061 3.53359038
