2490.54574173 -42.15007024 52.78394174 -34.07394605 4.67811230 0.06763265 -25.31112337 5.28816889 -1.49194665 -6.04471187
-42.15007024 879.05753139 34.51079954 -12.09788534 2.68135585 -7.15513271 1.98051561 0.35244003 -7.83928976 0.19834959
52.78394174 34.51079954 498.66821026 1.61804916 -8.75044956 2.96892083 0.55503494 2.86934932 4.34270801 -0.14740868
-34.07394605 -12.09788534 1.61804916 244.70074524 18.16161294 -4.15524131 -2.28898699 5.37764285 0.43764463 2.92057519
4.67811230 2.68135585 -8.75044956 18.16161294 92.22485363 4.05672099 3.08663931 1.08488078 1.27213899 -0.36327405
0.06763265 -7.15513271 2.96892083 -4.15524131 4.05672099 51.85802940 -1.87325560 -1.22974212 0.26956775 -0.61816983
-25.31112337 1.98051561 0.55503494 -2.28898699 3.08663931 -1.87325560 26.83934215 -1.48212031 0.63145589 -0.26335957
5.28816889 0.35244003 2.86934932 5.37764285 1.08488078 -1.22974212 -1.48212031 12.43428683 -0.08660377 0.81958009
-1.49194665 -7.83928976 4.34270801 0.43764463 1.27213899 0.26956775 0.63145589 -0.08660377 7.53006551 0.07869113
-6.04471187 0.19834959 -0.14740868 2.92057519 -0.36327405 -0.61816983 -0.26335957 0.81958009 0.07869113 3.83836078
