2490.54574173 -42.15007024 52.78394174 -34.07394605 4.67811230 0.06763265 -25.31112337 5.28816889 -1.49194665 -6.04471187 -175.81179664 -323.30274914 97.02666320 -14.19163172 27.76943703 -25.55719704 -14.24639481 -21.24926837 12.01231267 8.95424405 13.48326981 3.45151707 5.58805046 -3.50245489 4.00671493 4.39803300 -3.98845337 3.13010722 2.84818070 0.82829144
-42.15007024 879.05753139 34.51079954 -12.09788534 2.68135585 -7.15513271 1.98051561 0.35244003 -7.83928976 0.19834959 -29.83009759 138.92718925 -31.00602779 33.65053840 44.84044091 -65.83804105 38.82695238 21.71645906 6.18264467 9.97585422 1.97085068 -1.17832265 -0.26167546 0.57463120 -1.05337813 0.82750704 1.52904063 -0.55714761 0.09081177 1.69390351
52.78394174 34.51079954 498.66821026 1.61804916 -8.75044956 2.96892083 0.55503494 2.86934932 4.34270801 -0.14740868 -44.31479019 -52.43331539 -37.42814031 55.96154364 -22.58699811 -0.61007436 -22.41379064 -12.86773115 7.65435206 12.76037788 9.47960594 -4.26793952 2.04343956 3.78254223 -0.72529024 1.05046256 1.62477551 -1.85185371 -0.73773287 -0.48529408
-34.07394605 -12.09788534 1.61804916 244.70074524 18.16161294 -4.15524131 -2.28898699 5.37764285 0.43764463 2.92057519 -50.93169626 90.80367980 2.57007657 -39.08374906 1.38605201 4.89834084 -8.36128717 -18.09150367 12.56862148 2.75022673 -4.59403680 -2.60023499 -1.08827666 1.15036357 0.77641850 1.27333838 0.20218153 0.49476199 -0.08591921 0.12138801
4.67811230 2.68135585 -8.75044956 18.16161294 92.22485363 4.05672099 3.08663931 1.08488078 1.27213899 -0.36327405 62.02834502 0.52487693 0.34230274 -22.35384921 9.51233881 7.34953021 4.95273385 -3.52521509 -4.64352198 -1.99571430 0.30897808 -1.88548648 -1.20970326 -0.45555491 0.59952632 0.16391727 0.62929364 -0.07071725 -0.47863732 -0.28618965
0.06763265 -7.15513271 2.96892083 -4.15524131 4.05672099 51.85802940 -1.87325560 -1.22974212 0.26956775 -0.61816983 -27.90201944 -2.84830343 -20.64140412 5.58202824 3.74649533 4.41945900 -0.36646575 1.36604436 -1.63857449 0.92037699 0.93028284 -0.96242592 -0.25691778 -0.06229775 -0.43391771 -0.01401886 0.40985940 0.12307525 -0.05141464 -0.37544741
-25.31112337 1.98051561 0.55503494 -2.28898699 3.08663931 -1.87325560 26.83934215 -1.48212031 0.63145589 -0.26335957 18.50912945 7.30824773 4.46816680 3.19418089 -2.16153240 -6.90527362 0.84941060 3.51613627 -1.80666513 -1.15836062 0.25275855 -0.01956697 -0.80875889 -0.10465907 0.06580085 0.05904377 0.22006089 -0.14307115 0.35352584 0.35085724
5.28816889 0.35244003 2.86934932 5.37764285 1.08488078 -1.22974212 -1.48212031 12.43428683 -0.08660377 0.81958009 -32.66666938 -1.25195979 5.31616623 -3.60238402 -1.06495347 4.00443825 -5.69517338 -3.74644102 -0.32258045 -0.66462393 -0.29781934 -0.77214257 -0.20890894 -0.35609089 -0.32020613 -0.01013379 -0.10436407 0.14592509 0.41199514 0.01006829
-1.49194665 -7.83928976 4.34270801 0.43764463 1.27213899 0.26956775 0.63145589 -0.08660377 7.53006551 0.07869113 31.33294943 13.73076238 6.39340553 -2.83100430 -7.59428458 0.90020910 -2.22381926 1.50441899 -1.40969830 -0.46434921 -0.28931275 -0.32637697 0.00272475 0.23854684 -0.21575453 0.02694550 0.09289673 0.06496964 0.04099893 0.02572121
-6.04471187 0.19834959 -0.14740868 2.92057519 -0.36327405 -0.61816983 -0.26335957 0.81958009 0.07869113 3.83836078 -7.08662924 -4.02397635 10.27733106 -4.55428102 2.96570458 4.07117781 0.25276349 0.43424633 0.17036417 0.04518810 -0.24159311 -0.61290140 0.14292185 -0.46047328 -0.03727539 -0.09756003 0.01924207 -0.17354036 -0.17179746 -0.12359041
-175.81179664 -29.83009759 -44.31479019 -50.93169626 62.02834502 -27.90201944 18.50912945 -32.66666938 31.33294943 -7.08662924 10278.52471742 167.09182244 348.36890134 250.31989570 -129.40644041 119.62991369 116.97593661 89.37535472 5.40645235 -10.68936444 55.41858922 5.18605113 5.99940722 -4.68285795 -4.59990367 -7.37342115 -4.96593554 3.92205434 1.17002763 3.94981136
-323.30274914 138.92718925 -52.43331539 90.80367980 0.52487693 -2.84830343 7.30824773 -1.25195979 13.73076238 -4.02397635 167.09182244 3880.94824539 201.29044960 -111.20295536 -82.91392994 -2.73251881 17.59114582 9.93466837 16.01131199 -11.56401654 -9.62066910 -9.82043898 -10.18291971 1.43430500 0.14023830 4.47680210 -0.48961806 0.85074051 -1.08845089 2.64254779
97.02666320 -31.00602779 -37.42814031 2.57007657 0.34230274 -20.64140412 4.46816680 5.31616623 6.39340553 10.27733106 348.36890134 201.29044960 1810.08700715 -31.80724221 -82.04194414 46.46059092 39.44085227 1.29736499 -13.08083206 -22.13785061 -11.19372993 -4.58765813 0.51967463 -6.41266497 2.36628436 -5.63017050 -0.37068604 0.28282180 -0.20510932 -0.01615565
-14.19163172 33.65053840 55.96154364 -39.08374906 -22.35384921 5.58202824 3.19418089 -3.60238402 -2.83100430 -4.55428102 250.31989570 -111.20295536 -31.80724221 1043.83862612 -98.98937512 -31.54974384 1.36513120 9.21520773 3.20205380 0.35184180 13.14090053 6.01649412 3.39626812 0.71965728 2.72921753 2.54922855 2.40520703 2.31932242 -2.09306740 -0.69610785
27.76943703 44.84044091 -22.58699811 1.38605201 9.51233881 3.74649533 -2.16153240 -1.06495347 -7.59428458 2.96570458 -129.40644041 -82.91392994 -82.04194414 -98.98937512 508.92542344 -5.32567034 -14.52933134 -3.47792317 5.03024743 0.18846538 -10.00091894 -4.61918353 5.13698477 -2.79203343 -1.16245872 1.89532629 -0.27203591 -2.06302737 0.84670870 -0.98665473
-25.55719704 -65.83804105 -0.61007436 4.89834084 7.34953021 4.41945900 -6.90527362 4.00443825 0.90020910 4.07117781 119.62991369 -2.73251881 46.46059092 -31.54974384 -5.32567034 308.44335661 8.97031444 -10.81234463 -3.53318136 0.73172258 -3.57587453 -2.57445958 1.43414008 -2.85315320 1.65361644 1.52104288 3.22987855 0.22706998 -0.57844692 -0.62882883
-14.24639481 38.82695238 -22.41379064 -8.36128717 4.95273385 -0.36646575 0.84941060 -5.69517338 -2.22381926 0.25276349 116.97593661 17.59114582 39.44085227 1.36513120 -14.52933134 8.97031444 152.17503373 14.59364382 1.90957047 0.19654651 4.25472162 0.54767198 -1.18016449 0.05980937 1.03480664 -0.77231137 -0.58580045 0.27467204 -0.15447729 -0.41427868
-21.24926837 21.71645906 -12.86773115 -18.09150367 -3.52521509 1.36604436 3.51613627 -3.74644102 1.50441899 0.43424633 89.37535472 9.93466837 1.29736499 9.21520773 -3.47792317 -10.81234463 14.59364382 99.65492509 2.48909650 2.04904440 -3.91629500 1.96395051 1.76021310 0.11125342 -1.01642546 -0.20875773 -0.32260778 0.30478047 -0.22052317 0.07626593
12.01231267 6.18264467 7.65435206 12.56862148 -4.64352198 -1.63857449 -1.80666513 -0.32258045 -1.40969830 0.17036417 5.40645235 16.01131199 -13.08083206 3.20205380 5.03024743 -3.53318136 1.90957047 2.48909650 43.64482706 3.31554353 3.67857834 -1.22013482 1.80526279 -0.75104650 -0.39710188 -0.22753740 -0.50362214 0.09457414 -0.18755544 -0.52260690
8.95424405 9.97585422 12.76037788 2.75022673 -1.99571430 0.92037699 -1.15836062 -0.66462393 -0.46434921 0.04518810 -10.68936444 -11.56401654 -22.13785061 0.35184180 0.18846538 0.73172258 0.19654651 2.04904440 3.31554353 27.13553279 1.83611109 2.17948407 0.84326318 0.59724732 -0.19827497 -0.12211951 -0.08916674 -0.03818174 0.20432092 0.22647082
13.48326981 1.97085068 9.47960594 -4.59403680 0.30897808 0.93028284 0.25275855 -0.29781934 -0.28931275 -0.24159311 55.41858922 -9.62066910 -11.19372993 13.14090053 -10.00091894 -3.57587453 4.25472162 -3.91629500 3.67857834 1.83611109 18.90390443 2.09553584 0.79462439 0.10321768 -0.24831484 0.44270674 -0.01946737 0.26678067 0.11474151 0.11205054
3.45151707 -1.17832265 -4.26793952 -2.60023499 -1.88548648 -0.96242592 -0.01956697 -0.77214257 -0.32637697 -0.61290140 5.18605113 -9.82043898 -4.58765813 6.01649412 -4.61918353 -2.57445958 0.54767198 1.96395051 -1.22013482 2.17948407 2.09553584 9.27472960 1.42328274 0.41610621 0.24058061 -0.13221294 -0.01482230 0.17668229 0.03072939 0.14097830
5.58805046 -0.26167546 2.04343956 -1.08827666 -1.20970326 -0.25691778 -0.80875889 -0.20890894 0.00272475 0.14292185 5.99940722 -10.18291971 0.51967463 3.39626812 5.13698477 1.43414008 -1.18016449 1.76021310 1.80526279 0.84326318 0.79462439 1.42328274 6.03622665 0.87702483 0.57729836 0.00168307 0.09614233 0.00230404 -0.08668800 0.00436335
-3.50245489 0.57463120 3.78254223 1.15036357 -0.45555491 -0.06229775 -0.10465907 -0.35609089 0.23854684 -0.46047328 -4.68285795 1.43430500 -6.41266497 0.71965728 -2.79203343 -2.85315320 0.05980937 0.11125342 -0.75104650 0.59724732 0.10321768 0.41610621 0.87702483 3.87627593 0.96758538 -0.02825967 -0.08269551 0.13792115 -0.11045596 0.10545507
4.00671493 -1.05337813 -0.72529024 0.77641850 0.59952632 -0.43391771 0.06580085 -0.32020613 -0.21575453 -0.03727539 -4.59990367 0.14023830 2.36628436 2.72921753 -1.16245872 1.65361644 1.03480664 -1.01642546 -0.39710188 -0.19827497 -0.24831484 0.24058061 0.57729836 0.96758538 2.52024893 0.28913247 0.14476258 0.20059590 -0.01453736 0.00154231
4.39803300 0.82750704 1.05046256 1.27333838 0.16391727 -0.01401886 0.05904377 -0.01013379 0.02694550 -0.09756003 -7.37342115 4.47680210 -5.63017050 2.54922855 1.89532629 1.52104288 -0.77231137 -0.20875773 -0.22753740 -0.12211951 0.44270674 -0.13221294 0.00168307 -0.02825967 0.28913247 1.56261482 0.47974457 0.27974393 0.06191408 -0.05996621
-3.98845337 1.52904063 1.62477551 0.20218153 0.62929364 0.40985940 0.22006089 -0.10436407 0.09289673 0.01924207 -4.96593554 -0.48961806 -0.37068604 2.40520703 -0.27203591 3.22987855 -0.58580045 -0.32260778 -0.50362214 -0.08916674 -0.01946737 -0.01482230 0.09614233 -0.08269551 0.14476258 0.47974457 1.30935415 0.42631163 0.26919112 -0.02175003
3.13010722 -0.55714761 -1.85185371 0.49476199 -0.07071725 0.12307525 -0.14307115 0.14592509 0.06496964 -0.17354036 3.92205434 0.85074051 0.28282180 2.31932242 -2.06302737 0.22706998 0.27467204 0.30478047 0.09457414 -0.03818174 0.26678067 0.17668229 0.00230404 0.13792115 0.20059590 0.27974393 0.42631163 0.88083742 0.37552126 0.05086170
2.84818070 0.09081177 -0.73773287 -0.08591921 -0.47863732 -0.05141464 0.35352584 0.41199514 0.04099893 -0.17179746 1.17002763 -1.08845089 -0.20510932 -2.09306740 0.84670870 -0.57844692 -0.15447729 -0.22052317 -0.18755544 0.20432092 0.11474151 0.03072939 -0.08668800 -0.11045596 -0.01453736 0.06191408 0.26919112 0.37552126 0.67531332 0.22280160
0.82829144 1.69390351 -0.48529408 0.12138801 -0.28618965 -0.37544741 0.35085724 0.01006829 0.02572121 -0.12359041 3.94981136 2.64254779 -0.01615565 -0.69610785 -0.98665473 -0.62882883 -0.41427868 0.07626593 -0.52260690 0.22647082 0.11205054 0.14097830 0.00436335 0.10545507 0.00154231 -0.05996621 -0.02175003 0.05086170 0.22280160 0.46126183
