2335.35242594 63.14446735 -57.74731701 2.04405413 -31.44230389 -34.29737257 22.10252531 -12.05811395 -5.24130808 2.83146481 76.15042695 209.83582816 10.08140254 79.13380199 -50.41574934 47.86876859 1.16547898 -29.40004339 -24.83764820 1.42278098 13.48313102 27.76504670 14.78564755 12.62667676 4.81384177 5.15538659 -1.64373938 3.88196690 0.23138569 -0.59725427
63.14446735 1020.20229935 -21.83490435 8.80328684 -19.73583843 -22.94135698 3.31538599 -2.32978840 6.73576214 1.11119756 90.72704731 -163.47220735 -114.02179652 -86.36775934 8.07440264 13.73625574 -36.06365736 -12.60826429 -2.29749833 -8.40697467 4.17047211 -2.78415116 -2.85750709 9.61648558 5.26027086 -0.39122947 -0.54818786 0.50387008 2.95407534 -1.20340638
-57.74731701 -21.83490435 478.19146204 1.21858228 10.98402860 16.34758860 7.35820095 1.37460451 3.40589490 -0.36840668 188.42646270 -85.22062497 22.57267940 -0.80938096 53.30298764 -36.09447264 15.66780956 1.18881904 2.69816727 2.68336646 7.07074175 0.38863763 -2.40861850 -7.83112933 -6.01791219 -0.70687192 0.04145707 -0.46601110 0.25718609 0.04900739
2.04405413 8.80328684 1.21858228 277.54480391 -8.02192317 6.96676802 -3.01453271 -1.18675180 -1.22451936 -3.43440261 79.81014839 24.68826651 34.50185784 -47.26091062 -11.39424600 34.65397263 -0.97700417 12.39520973 -3.95368392 4.39066357 3.30905136 1.08208611 4.22740188 -2.41004046 1.64206125 0.40597160 0.16323132 0.29684973 -2.04945997 -0.05643205
-31.44230389 -19.73583843 10.98402860 -8.02192317 119.54639700 -1.48971354 6.90213802 0.30510810 -2.01813345 -0.36588466 18.43986539 6.06611088 18.31123541 11.84614075 -11.29336756 -3.76943203 2.56877767 0.38849864 -6.70527571 -2.89912857 1.08366619 2.25800787 0.24748014 -0.25332736 1.39348862 -0.97359429 -2.95248079 0.03087862 0.74111901 -0.56597697
-34.29737257 -22.94135698 16.34758860 6.96676802 -1.48971354 66.04797477 0.82661581 -2.47454441 1.07328856 -0.57393976 -65.37015630 31.57841378 -2.12259658 10.04938277 19.54333037 4.54670854 4.08693791 -1.15417050 1.13949269 -0.89538809 -1.34690363 -0.54589915 -2.19032073 -2.48377502 0.19672089 -0.70399258 -0.63351463 0.00856274 -0.33559782 0.33367473
22.10252531 3.31538599 7.35820095 -3.01453271 6.90213802 0.82661581 29.65437876 -0.50619326 -2.58965164 0.18078601 -20.63407345 -4.87244393 -13.21960307 -3.04392561 -5.36525511 8.33123083 2.62548835 3.80988735 -3.31403001 1.07693977 0.49444400 0.75895492 0.95421908 -0.47879960 0.03398428 0.05960005 -1.24315837 0.14615841 -0.68622791 0.02102478
-12.05811395 -2.32978840 1.37460451 -1.18675180 0.30510810 -2.47454441 -0.50619326 15.51052834 0.39936637 -0.36552173 28.78046611 -4.87785697 -5.19457079 -6.79669994 -3.11801558 6.88902849 -3.86518299 1.50256067 -2.52684307 -0.92560655 -0.55650860 0.30469073 -0.95412778 0.58234625 0.67540488 0.48545575 -0.08683649 -0.34961840 -0.32295363 -0.05166931
-5.24130808 6.73576214 3.40589490 -1.22451936 -2.01813345 1.07328856 -2.58965164 0.39936637 7.92580217 0.02981061 0.45660562 8.22568455 1.24033231 13.70254433 -2.79259286 1.26962143 2.42769829 -3.35466390 -1.90985050 -1.26844413 -0.54643990 -0.42390642 0.51924745 0.68637510 0.74801106 0.18883644 0.17837611 -0.53532104 -0.21754530 0.20607228
2.83146481 1.11119756 -0.36840668 -3.43440261 -0.36588466 -0.57393976 0.18078601 -0.36552173 0.02981061 3.53359038 1.81744991 3.59339246 1.34727430 0.34696509 -0.41979401 0.01874360 0.01939329 -0.02946626 -1.25476310 -0.96006646 -1.18793843 -0.23919221 0.05184599 0.64722682 0.59472338 0.02360835 -0.02392715 0.02443571 0.11434966 -0.00048949
76.15042695 90.72704731 188.42646270 79.81014839 18.43986539 -65.37015630 -20.63407345 28.78046611 0.45660562 1.81744991 9865.95304657 125.61516932 243.94778363 106.73504856 -138.32708116 -10.84798334 -47.50790216 8.58329857 -15.72885921 1.00912428 30.39780393 -24.67459106 -23.40932064 -9.31734822 -7.50855923 24.07258246 14.73431146 -14.40890976 6.08350395 -4.09079789
209.83582816 -163.47220735 -85.22062497 24.68826651 6.06611088 31.57841378 -4.87244393 -4.87785697 8.22568455 3.59339246 125.61516932 3850.70359175 51.08110052 -56.27594469 119.81258571 102.35109056 22.36966953 55.70285192 -32.07734469 31.41052545 -0.86898156 0.72314673 -9.69452616 3.52661966 1.04850004 -2.96841541 -3.48753845 10.30348573 3.98070699 2.63434967
10.08140254 -114.02179652 22.57267940 34.50185784 18.31123541 -2.12259658 -13.21960307 -5.19457079 1.24033231 1.34727430 243.94778363 51.08110052 1894.43276888 -53.09580379 -18.12374458 -30.97129799 52.75887513 -16.69853922 -13.15147388 18.66485747 7.22429859 6.06844541 5.97050627 10.22156356 1.14321475 -6.71230804 0.24665467 0.97209151 2.69093841 0.47707302
79.13380199 -86.36775934 -0.80938096 -47.26091062 11.84614075 10.04938277 -3.04392561 -6.79669994 13.70254433 0.34696509 106.73504856 -56.27594469 -53.09580379 1187.76469529 -15.05683422 -41.08334674 46.93392398 8.28528091 -18.83103154 4.09242161 12.69491186 5.43747683 16.67952623 18.26586904 9.50609238 7.27571934 3.43180318 -0.47124751 1.55145656 0.85686328
-50.41574934 8.07440264 53.30298764 -11.39424600 -11.29336756 19.54333037 -5.36525511 -3.11801558 -2.79259286 -0.41979401 -138.32708116 119.81258571 -18.12374458 -15.05683422 717.29926700 9.35845441 1.01781356 -23.65944908 -12.29034943 -10.57231286 -1.82536758 1.54394239 -5.96509950 -5.53444635 -1.32369439 -4.54427514 -4.89547508 -0.16681043 0.42977625 -0.82262194
47.86876859 13.73625574 -36.09447264 34.65397263 -3.76943203 4.54670854 8.33123083 6.88902849 1.26962143 0.01874360 -10.84798334 102.35109056 -30.97129799 -41.08334674 9.35845441 365.73804010 -16.26238351 16.25516214 6.87229612 3.69404581 0.38453006 2.98823705 -1.37832032 -2.11496695 -0.45151447 -0.64605130 -0.04794356 0.61317160 -1.07965329 -0.90881471
1.16547898 -36.06365736 15.66780956 -0.97700417 2.56877767 4.08693791 2.62548835 -3.86518299 2.42769829 0.01939329 -47.50790216 22.36966953 52.75887513 46.93392398 1.01781356 -16.26238351 184.12494160 19.02874124 3.51578647 0.92776765 1.20851897 2.11962578 7.51478420 6.16405120 0.91888991 2.01572700 2.16519009 -0.31101872 0.82429434 -0.91063687
-29.40004339 -12.60826429 1.18881904 12.39520973 0.38849864 -1.15417050 3.80988735 1.50256067 -3.35466390 -0.02946626 8.58329857 55.70285192 -16.69853922 8.28528091 -23.65944908 16.25516214 19.02874124 109.01241493 5.54427028 5.96550401 1.57926927 -3.14165482 0.06920950 -1.43701859 -1.31720503 1.02064563 1.14255605 0.16206154 0.56097469 -0.38693702
-24.83764820 -2.29749833 2.69816727 -3.95368392 -6.70527571 1.13949269 -3.31403001 -2.52684307 -1.90985050 -1.25476310 -15.72885921 -32.07734469 -13.15147388 -18.83103154 -12.29034943 6.87229612 3.51578647 5.54427028 63.94246562 11.06657050 4.58536953 -1.67585823 1.17489077 0.34513343 -1.44854954 -0.08600845 1.40753852 0.93186976 0.90345913 -0.14955139
1.42278098 -8.40697467 2.68336646 4.39066357 -2.89912857 -0.89538809 1.07693977 -0.92560655 -1.26844413 -0.96006646 1.00912428 31.41052545 18.66485747 4.09242161 -10.57231286 3.69404581 0.92776765 5.96550401 11.06657050 39.55458844 9.00546564 3.17622585 4.23905467 1.77742174 -1.38474964 -0.89194329 0.17638798 0.73240317 0.69780307 0.05997332
13.48313102 4.17047211 7.07074175 3.30905136 1.08366619 -1.34690363 0.49444400 -0.55650860 -0.54643990 -1.18793843 30.39780393 -0.86898156 7.22429859 12.69491186 -1.82536758 0.38453006 1.20851897 1.57926927 4.58536953 9.00546564 21.98217187 4.43825285 3.95166052 2.13602444 -1.74373588 0.23411876 0.72243304 0.54102976 0.26146245 0.02587397
27.76504670 -2.78415116 0.38863763 1.08208611 2.25800787 -0.54589915 0.75895492 0.30469073 -0.42390642 -0.23919221 -24.67459106 0.72314673 6.06844541 5.43747683 1.54394239 2.98823705 2.11962578 -3.14165482 -1.67585823 3.17622585 4.43825285 15.35912051 5.13415381 2.78908202 -0.88703679 -0.92701735 -0.26405566 0.10833996 0.00058089 0.12928790
14.78564755 -2.85750709 -2.40861850 4.22740188 0.24748014 -2.19032073 0.95421908 -0.95412778 0.51924745 0.05184599 -23.40932064 -9.69452616 5.97050627 16.67952623 -5.96509950 -1.37832032 7.51478420 0.06920950 1.17489077 4.23905467 3.95166052 5.13415381 14.34667687 6.52715507 2.61733951 0.06182846 -0.24932103 -0.02483655 0.39630701 -0.22639790
12.62667676 9.61648558 -7.83112933 -2.41004046 -0.25332736 -2.48377502 -0.47879960 0.58234625 0.68637510 0.64722682 -9.31734822 3.52661966 10.22156356 18.26586904 -5.53444635 -2.11496695 6.16405120 -1.43701859 0.34513343 1.77742174 2.13602444 2.78908202 6.52715507 9.95224436 4.43426012 0.41606869 -0.39310471 -0.02858330 0.45600079 -0.23521544
4.81384177 5.26027086 -6.01791219 1.64206125 1.39348862 0.19672089 0.03398428 0.67540488 0.74801106 0.59472338 -7.50855923 1.04850004 1.14321475 9.50609238 -1.32369439 -0.45151447 0.91888991 -1.31720503 -1.44854954 -1.38474964 -1.74373588 -0.88703679 2.61733951 4.43426012 8.36563242 2.49465321 -0.46609623 -0.30463836 0.28538655 -0.07533238
5.15538659 -0.39122947 -0.70687192 0.40597160 -0.97359429 -0.70399258 0.05960005 0.48545575 0.18883644 0.02360835 24.07258246 -2.96841541 -6.71230804 7.27571934 -4.54427514 -0.64605130 2.01572700 1.02064563 -0.08600845 -0.89194329 0.23411876 -0.92701735 0.06182846 0.41606869 2.49465321 4.32282766 0.93479498 -0.27206657 -0.01022682 0.23046407
-1.64373938 -0.54818786 0.04145707 0.16323132 -2.95248079 -0.63351463 -1.24315837 -0.08683649 0.17837611 -0.02392715 14.73431146 -3.48753845 0.24665467 3.43180318 -4.89547508 -0.04794356 2.16519009 1.14255605 1.40753852 0.17638798 0.72243304 -0.26405566 -0.24932103 -0.39310471 -0.46609623 0.93479498 3.07978871 0.36878995 -0.20598113 0.03878333
3.88196690 0.50387008 -0.46601110 0.29684973 0.03087862 0.00856274 0.14615841 -0.34961840 -0.53532104 0.02443571 -14.40890976 10.30348573 0.97209151 -0.47124751 -0.16681043 0.61317160 -0.31101872 0.16206154 0.93186976 0.73240317 0.54102976 0.10833996 -0.02483655 -0.02858330 -0.30463836 -0.27206657 0.36878995 2.10261712 0.19249204 -0.02772047
0.23138569 2.95407534 0.25718609 -2.04945997 0.74111901 -0.33559782 -0.68622791 -0.32295363 -0.21754530 0.11434966 6.08350395 3.98070699 2.69093841 1.55145656 0.42977625 -1.07965329 0.82429434 0.56097469 0.90345913 0.69780307 0.26146245 0.00058089 0.39630701 0.45600079 0.28538655 -0.01022682 -0.20598113 0.19249204 1.12149477 0.04138729
-0.59725427 -1.20340638 0.04900739 -0.05643205 -0.56597697 0.33367473 0.02102478 -0.05166931 0.20607228 -0.00048949 -4.09079789 2.63434967 0.47707302 0.85686328 -0.82262194 -0.90881471 -0.91063687 -0.38693702 -0.14955139 0.05997332 0.02587397 0.12928790 -0.22639790 -0.23521544 -0.07533238 0.23046407 0.03878333 -0.02772047 0.04138729 0.74175169
