10278.52471742 167.09182244 348.36890134 250.31989570 -129.40644041 119.62991369 116.97593661 89.37535472 5.40645235 -10.68936444 55.41858922 5.18605113 5.99940722 -4.68285795 -4.59990367 -7.37342115 -4.96593554 3.92205434 1.17002763 3.94981136
167.09182244 3880.94824539 201.29044960 -111.20295536 -82.91392994 -2.73251881 17.59114582 9.93466837 16.01131199 -11.56401654 -9.62066910 -9.82043898 -10.18291971 1.43430500 0.14023830 4.47680210 -0.48961806 0.85074051 -1.08845089 2.64254779
348.36890134 201.29044960 1810.08700715 -31.80724221 -82.04194414 46.46059092 39.44085227 1.29736499 -13.08083206 -22.13785061 -11.19372993 -4.58765813 0.51967463 -6.41266497 2.36628436 -5.63017050 -0.37068604 0.28282180 -0.20510932 -0.01615565
250.31989570 -111.20295536 -31.80724221 1043.83862612 -98.98937512 -31.54974384 1.36513120 9.21520773 3.20205380 0.35184180 13.14090053 6.01649412 3.39626812 0.71965728 2.72921753 2.54922855 2.40520703 2.31932242 -2.09306740 -0.69610785
-129.40644041 -82.91392994 -82.04194414 -98.98937512 508.92542344 -5.32567034 -14.52933134 -3.47792317 5.03024743 0.18846538 -10.00091894 -4.61918353 5.13698477 -2.79203343 -1.16245872 1.89532629 -0.27203591 -2.06302737 0.84670870 -0.98665473
119.62991369 -2.73251881 46.46059092 -31.54974384 -5.32567034 308.44335661 8.97031444 -10.81234463 -3.53318136 0.73172258 -3.57587453 -2.57445958 1.43414008 -2.85315320 1.65361644 1.52104288 3.22987855 0.22706998 -0.57844692 -0.62882883
116.97593661 17.59114582 39.44085227 1.36513120 -14.52933134 8.97031444 152.17503373 14.59364382 1.90957047 0.19654651 4.25472162 0.54767198 -1.18016449 0.05980937 1.03480664 -0.77231137 -0.58580045 0.27467204 -0.15447729 -0.41427868
89.37535472 9.93466837 1.29736499 9.21520773 -3.47792317 -10.81234463 14.59364382 99.65492509 2.48909650 2.04904440 -3.91629500 1.96395051 1.76021310 0.11125342 -1.01642546 -0.20875773 -0.32260778 0.30478047 -0.22052317 0.07626593
5.40645235 16.01131199 -13.08083206 3.20205380 5.03024743 -3.53318136 1.90957047 2.48909650 43.64482706 3.31554353 3.67857834 -1.22013482 1.80526279 -0.75104650 -0.39710188 -0.22753740 -0.50362214 0.09457414 -0.18755544 -0.52260690
-10.68936444 -11.56401654 -22.13785061 0.35184180 0.18846538 0.73172258 0.19654651 2.04904440 3.31554353 27.13553279 1.83611109 2.17948407 0.84326318 0.59724732 -0.19827497 -0.12211951 -0.08916674 -0.03818174 0.20432092 0.22647082
55.41858922 -9.62066910 -11.19372993 13.14090053 -10.00091894 -3.57587453 4.25472162 -3.91629500 3.67857834 1.83611109 18.90390443 2.09553584 0.79462439 0.10321768 -0.24831484 0.44270674 -0.01946737 0.26678067 0.11474151 0.11205054
5.18605113 -9.82043898 -4.58765813 6.01649412 -4.61918353 -2.57445958 0.54767198 1.96395051 -1.22013482 2.17948407 2.09553584 9.27472960 1.42328274 0.41610621 0.24058061 -0.13221294 -0.01482230 0.17668229 0.03072939 0.14097830
5.99940722 -10.18291971 0.51967463 3.39626812 5.13698477 1.43414008 -1.18016449 1.76021310 1.80526279 0.84326318 0.79462439 1.42328274 6.03622665 0.87702483 0.57729836 0.00168307 0.09614233 0.00230404 -0.08668800 0.00436335
-4.68285795 1.43430500 -6.41266497 0.71965728 -2.79203343 -2.85315320 0.05980937 0.11125342 -0.75104650 0.59724732 0.10321768 0.41610621 0.87702483 3.87627593 0.96758538 -0.02825967 -0.08269551 0.13792115 -0.11045596 0.10545507
-4.59990367 0.14023830 2.36628436 2.72921753 -1.16245872 1.65361644 1.03480664 -1.01642546 -0.39710188 -0.19827497 -0.24831484 0.24058061 0.57729836 0.96758538 2.52024893 0.28913247 0.14476258 0.20059590 -0.01453736 0.00154231
-7.37342115 4.47680210 -5.63017050 2.54922855 1.89532629 1.52104288 -0.77231137 -0.20875773 -0.22753740 -0.12211951 0.44270674 -0.13221294 0.00168307 -0.02825967 0.28913247 1.56261482 0.47974457 0.27974393 0.06191408 -0.05996621
-4.96593554 -0.48961806 -0.37068604 2.40520703 -0.27203591 3.22987855 -0.58580045 -0.32260778 -0.50362214 -0.08916674 -0.01946737 -0.01482230 0.09614233 -0.08269551 0.14476258 0.47974457 1.30935415 0.42631163 0.26919112 -0.02175003
3.92205434 0.85074051 0.28282180 2.31932242 -2.06302737 0.22706998 0.27467204 0.30478047 0.09457414 -0.03818174 0.26678067 0.17668229 0.00230404 0.13792115 0.20059590 0.27974393 0.42631163 0.88083742 0.37552126 0.05086170
1.17002763 -1.08845089 -0.20510932 -2.09306740 0.84670870 -0.57844692 -0.15447729 -0.22052317 -0.18755544 0.20432092 0.11474151 0.03072939 -0.08668800 -0.11045596 -0.01453736 0.06191408 0.26919112 0.37552126 0.67531332 0.22280160
3.94981136 2.64254779 -0.01615565 -0.69610785 -0.98665473 -0.62882883 -0.41427868 0.07626593 -0.52260690 0.22647082 0.11205054 0.14097830 0.00436335 0.10545507 0.00154231 -0.05996621 -0.02175003 0.05086170 0.22280160 0.46126183
