2238.13003869 -38.25027188 1.39093684 23.13507385 29.63626987 -13.19281176 11.53341826 2.48352002 6.11180781 -4.72368097
-38.25027188 897.45713641 42.30096741 15.00700732 -30.92282879 -13.12282083 3.20609090 -0.50383975 -0.74595835 3.55314016
1.39093684 42.30096741 428.28170242 2.65075223 20.76159224 -25.11904643 3.21999503 -2.84692782 -1.70893228 -0.52148964
23.13507385 15.00700732 2.65075223 209.92440643 -2.79142491 4.18798922 -0.09115688 -0.54817596 0.36228143 -0.31307831
29.63626987 -30.92282879 20.76159224 -2.79142491 127.45966702 1.99225100 0.04543249 0.42195205 -2.68047899 1.31486648
-13.19281176 -13.12282083 -25.11904643 4.18798922 1.99225100 62.04686849 -0.18384674 1.93819433 -1.44299953 0.86143222
11.53341826 3.20609090 3.21999503 -0.09115688 0.04543249 -0.18384674 26.61076073 -0.69370643 0.76606285 -0.26886675
2.48352002 -0.50383975 -2.84692782 -0.54817596 0.42195205 1.93819433 -0.69370643 17.13259062 -0.61643522 0.02175783
6.11180781 -0.74595835 -1.70893228 0.36228143 -2.68047899 -1.44299953 0.76606285 -0.61643522 7.62469643 -0.00982496
-4.72368097 3.55314016 -0.52148964 -0.31307831 1.31486648 0.86143222 -0.26886675 0.02175783 -0.00982496 3.36693583
