2015.39324875 68.12583076 -60.26664042 -34.12946581 -4.26766367 -7.86248249 22.33659251 9.08550826 -4.66445797 -4.14458853 210.30135704 -69.91651328 130.97536331 -17.50845497 111.18942603 -13.01141312 -26.82716753 -2.35345917 -26.21737921 1.40648537 18.53552229 3.61545084 5.11679952 7.39058196 -6.88357437 2.90920077 2.01487387 6.10083262 4.09511291 -2.24540874
68.12583076 962.98490018 -68.11095716 -21.95124904 -5.74243244 6.63132192 13.39636154 11.94406515 -1.23793969 -3.99693401 -61.46472406 14.51090107 -18.63599849 -55.63810372 10.62861571 8.06302700 9.24480617 -2.57867659 -2.35604993 -10.67202186 5.18033887 5.13259109 -1.00317857 0.60671085 0.08698244 0.19289648 -2.01256993 -0.87254802 -1.49980061 -0.80719012
-60.26664042 -68.11095716 477.84445579 -13.81025890 -7.92681967 9.55812773 4.36212847 2.20115900 3.63663517 1.59222395 9.80633457 131.65155709 11.58404835 -52.71042848 -12.56403676 -4.29578342 17.67190257 -11.35278167 -9.13611142 -2.76183432 -1.29552442 2.39159613 4.33131342 0.48566689 1.54851831 2.16717321 0.77974880 1.86217729 0.75780270 -1.22287429
-34.12946581 -21.95124904 -13.81025890 221.44394067 -4.42470674 -4.90164202 -1.68632656 -0.28970574 2.72845658 1.62220822 90.17047964 61.71758105 2.37753804 17.61079487 23.27431413 10.93790381 -8.12899469 4.78872106 -1.69013971 -2.92393865 -9.27603871 -1.74272360 -4.52620384 -1.62866245 -2.99204696 -0.45538291 -0.09752906 -0.25026892 -0.68821929 -1.06281450
-4.26766367 -5.74243244 -7.92681967 -4.42470674 126.53120159 1.59977727 2.71726574 0.68830268 -1.21024837 -0.62345242 -74.54362540 9.07847859 18.08049358 39.11913360 40.81607477 -3.05594221 12.87360286 0.60101923 2.27507338 1.29019224 3.05733166 3.93159519 -1.33964091 0.19589254 3.63034018 2.98806419 1.21193833 -1.71584922 -0.38489976 0.55476086
-7.86248249 6.63132192 9.55812773 -4.90164202 1.59977727 48.56894741 0.38958261 -0.25689794 1.23762131 -1.32033011 -28.03943185 16.86442385 15.22923314 1.74629032 5.76326759 -2.11058562 0.87756097 2.41965292 1.28734070 0.97129200 -1.95267768 -1.45728780 0.06803114 -1.10793794 -0.80412044 0.33335689 0.60732088 -0.15400539 -0.25683059 -0.26136235
22.33659251 13.39636154 4.36212847 -1.68632656 2.71726574 0.38958261 27.24312391 0.13484377 1.55090158 0.28384894 -0.07913437 10.25850839 3.55765889 9.28019302 -10.29650501 -6.66597918 -7.41424973 1.00839878 -1.97502607 -2.89333670 0.97966819 -0.01651447 -0.09772208 0.20832057 0.38071037 0.66425381 0.19978710 -0.21060265 0.32860122 -0.20144776
9.08550826 11.94406515 2.20115900 -0.28970574 0.68830268 -0.25689794 0.13484377 14.56349495 0.31578653 0.67639104 -24.63143175 -29.18812427 10.78316128 8.74662265 0.76611362 -2.01998301 2.17194298 0.09175763 0.38787502 -0.23526370 -1.01904911 -0.36732434 -0.59995243 -0.12016030 -1.03156117 -0.59968729 -0.23274354 -0.19157787 -0.34191659 -0.19742417
-4.66445797 -1.23793969 3.63663517 2.72845658 -1.21024837 1.23762131 1.55090158 0.31578653 7.73586100 0.14315462 6.82535389 -12.02537741 -6.80027231 -2.62085179 -1.93502717 0.06402044 -0.11333415 -0.37967770 -0.24436964 0.29557356 0.64346634 -0.86504152 -0.92962214 0.36812560 -0.28945395 -0.14750515 0.25861955 -0.01846879 -0.09253530 0.03003529
-4.14458853 -3.99693401 1.59222395 1.62220822 -0.62345242 -1.32033011 0.28384894 0.67639104 0.14315462 4.11249785 0.55257135 6.45196736 -0.57821008 -1.91821411 -3.61641348 -1.88753324 -2.61137431 -0.15056672 -0.75476561 -0.44050632 0.01240040 0.29270355 -0.18396964 0.11382628 0.04637449 -0.09261331 0.00379026 0.24750633 0.19903962 -0.08177692
210.30135704 -61.46472406 9.80633457 90.17047964 -74.54362540 -28.03943185 -0.07913437 -24.63143175 6.82535389 0.55257135 9111.62197141 450.62941947 -104.82841532 -348.04136129 -46.30996924 94.58714256 -133.19173857 23.01756290 23.76695715 22.35401771 -19.97289992 -19.23941945 20.56946222 4.19139569 6.06521583 29.75558416 -6.23874809 1.62255051 -1.06740447 3.36635424
-69.91651328 14.51090107 131.65155709 61.71758105 9.07847859 16.86442385 10.25850839 -29.18812427 -12.02537741 6.45196736 450.62941947 4773.37519896 30.21421366 -93.98255759 40.88629506 -14.71869946 -1.09315390 7.47706392 22.87856645 -50.17618094 -13.42087757 6.78609409 -10.79539040 2.79989624 -3.41800813 -6.99758560 -0.71569826 11.02295620 0.46575323 -0.58598781
130.97536331 -18.63599849 11.58404835 2.37753804 18.08049358 15.22923314 3.55765889 10.78316128 -6.80027231 -0.57821008 -104.82841532 30.21421366 1833.23009501 -96.61747906 65.80796837 -32.93898117 -11.67799956 -25.19787852 -40.87210835 -0.95577528 22.07306168 9.76252107 -1.12676589 -6.12755384 1.17641755 10.91779551 7.23361254 -1.16177479 -2.09282095 -3.72764554
-17.50845497 -55.63810372 -52.71042848 17.61079487 39.11913360 1.74629032 9.28019302 8.74662265 -2.62085179 -1.91821411 -348.04136129 -93.98255759 -96.61747906 1222.45413130 23.80946899 -45.87419200 31.89257288 20.25842681 4.50082714 -5.55242531 -13.69196586 -12.48532738 1.15075569 2.29445109 -4.83582944 -1.41950590 -2.16411002 -4.87435884 -0.54615467 -0.49502113
111.18942603 10.62861571 -12.56403676 23.27431413 40.81607477 5.76326759 -10.29650501 0.76611362 -1.93502717 -3.61641348 -46.30996924 40.88629506 65.80796837 23.80946899 589.09790474 20.87323686 8.30044285 -7.01472686 -1.36866949 3.35626958 2.31005451 -1.49912824 1.64641979 1.01652578 0.64223685 -1.15924487 -3.11315106 -0.94555102 -0.37413980 -0.70195368
-13.01141312 8.06302700 -4.29578342 10.93790381 -3.05594221 -2.11058562 -6.66597918 -2.01998301 0.06402044 -1.88753324 94.58714256 -14.71869946 -32.93898117 -45.87419200 20.87323686 286.91442256 -40.34338205 -12.38673010 0.45369121 -0.52240195 3.58576821 -1.49649665 -0.74711139 2.46937180 -1.65363220 -1.43550343 -1.49496985 -1.35772002 -1.50574953 -0.91603422
-26.82716753 9.24480617 17.67190257 -8.12899469 12.87360286 0.87756097 -7.41424973 2.17194298 -0.11333415 -2.61137431 -133.19173857 -1.09315390 -11.67799956 31.89257288 8.30044285 -40.34338205 165.46994937 9.99240709 13.01291367 3.76441660 -0.04382886 -4.99113216 -0.02719937 -0.66900634 0.54824399 1.04447662 1.33304485 1.02789070 -0.20276119 -0.21981395
-2.35345917 -2.57867659 -11.35278167 4.78872106 0.60101923 2.41965292 1.00839878 0.09175763 -0.37967770 -0.15056672 23.01756290 7.47706392 -25.19787852 20.25842681 -7.01472686 -12.38673010 9.99240709 90.09325270 4.73083103 5.68281998 1.25560191 -1.34424229 -0.45293064 -0.61292201 -0.67995760 0.18239933 -0.73454742 0.54929974 -0.24682342 -0.22685456
-26.21737921 -2.35604993 -9.13611142 -1.69013971 2.27507338 1.28734070 -1.97502607 0.38787502 -0.24436964 -0.75476561 23.76695715 22.87856645 -40.87210835 4.50082714 -1.36866949 0.45369121 13.01291367 4.73083103 52.42796948 1.65554898 0.98344126 -0.92695107 -0.30464645 -0.62232974 -0.35016476 -0.03927797 -0.08199648 -0.88560912 -0.88020888 0.23143442
1.40648537 -10.67202186 -2.76183432 -2.92393865 1.29019224 0.97129200 -2.89333670 -0.23526370 0.29557356 -0.44050632 22.35401771 -50.17618094 -0.95577528 -5.55242531 3.35626958 -0.52240195 3.76441660 5.68281998 1.65554898 29.74219773 4.11543973 3.17969270 0.69480070 -1.42407336 -0.00463360 0.20483630 -0.04436271 0.08865583 0.02962306 0.05592530
18.53552229 5.18033887 -1.29552442 -9.27603871 3.05733166 -1.95267768 0.97966819 -1.01904911 0.64346634 0.01240040 -19.97289992 -13.42087757 22.07306168 -13.69196586 2.31005451 3.58576821 -0.04382886 1.25560191 0.98344126 4.11543973 17.26985147 4.35978838 0.64446436 -0.83227109 0.94868179 0.40451357 0.21436713 0.00596994 -0.40787700 0.07359180
3.61545084 5.13259109 2.39159613 -1.74272360 3.93159519 -1.45728780 -0.01651447 -0.36732434 -0.86504152 0.29270355 -19.23941945 6.78609409 9.76252107 -12.48532738 -1.49912824 -1.49649665 -4.99113216 -1.34424229 -0.92695107 3.17969270 4.35978838 11.66989222 1.32552332 -0.76695216 0.95022689 0.46339427 -0.00011019 -0.24262573 -0.35855277 -0.09346984
5.11679952 -1.00317857 4.33131342 -4.52620384 -1.33964091 0.06803114 -0.09772208 -0.59995243 -0.92962214 -0.18396964 20.56946222 -10.79539040 -1.12676589 1.15075569 1.64641979 -0.74711139 -0.02719937 -0.45293064 -0.30464645 0.69480070 0.64446436 1.32552332 6.54098120 1.26289421 1.45824734 1.27674744 -0.10422914 -0.15071759 -0.01680398 -0.04133982
7.39058196 0.60671085 0.48566689 -1.62866245 0.19589254 -1.10793794 0.20832057 -0.12016030 0.36812560 0.11382628 4.19139569 2.79989624 -6.12755384 2.29445109 1.01652578 2.46937180 -0.66900634 -0.61292201 -0.62232974 -1.42407336 -0.83227109 -0.76695216 1.26289421 4.86477539 1.56546026 1.15478354 -0.13454005 -0.19512693 0.09046035 -0.02229146
-6.88357437 0.08698244 1.54851831 -2.99204696 3.63034018 -0.80412044 0.38071037 -1.03156117 -0.28945395 0.04637449 6.06521583 -3.41800813 1.17641755 -4.83582944 0.64223685 -1.65363220 0.54824399 -0.67995760 -0.35016476 -0.00463360 0.94868179 0.95022689 1.45824734 1.56546026 3.95580056 1.61503914 0.48056452 0.09155999 0.25559315 0.17045524
2.90920077 0.19289648 2.16717321 -0.45538291 2.98806419 0.33335689 0.66425381 -0.59968729 -0.14750515 -0.09261331 29.75558416 -6.99758560 10.91779551 -1.41950590 -1.15924487 -1.43550343 1.04447662 0.18239933 -0.03927797 0.20483630 0.40451357 0.46339427 1.27674744 1.15478354 1.61503914 3.00036987 1.01750205 0.17955461 0.01799814 0.02714524
2.01487387 -2.01256993 0.77974880 -0.09752906 1.21193833 0.60732088 0.19978710 -0.23274354 0.25861955 0.00379026 -6.23874809 -0.71569826 7.23361254 -2.16411002 -3.11315106 -1.49496985 1.33304485 -0.73454742 -0.08199648 -0.04436271 0.21436713 -0.00011019 -0.10422914 -0.13454005 0.48056452 1.01750205 2.16854228 0.73493306 -0.20786798 -0.01052863
6.10083262 -0.87254802 1.86217729 -0.25026892 -1.71584922 -0.15400539 -0.21060265 -0.19157787 -0.01846879 0.24750633 1.62255051 11.02295620 -1.16177479 -4.87435884 -0.94555102 -1.35772002 1.02789070 0.54929974 -0.88560912 0.08865583 0.00596994 -0.24262573 -0.15071759 -0.19512693 0.09155999 0.17955461 0.73493306 1.52266466 0.32184921 -0.02711210
4.09511291 -1.49980061 0.75780270 -0.68821929 -0.38489976 -0.25683059 0.32860122 -0.34191659 -0.09253530 0.19903962 -1.06740447 0.46575323 -2.09282095 -0.54615467 -0.37413980 -1.50574953 -0.20276119 -0.24682342 -0.88020888 0.02962306 -0.40787700 -0.35855277 -0.01680398 0.09046035 0.25559315 0.01799814 -0.20786798 0.32184921 1.04451122 0.17349797
-2.24540874 -0.80719012 -1.22287429 -1.06281450 0.55476086 -0.26136235 -0.20144776 -0.19742417 0.03003529 -0.08177692 3.36635424 -0.58598781 -3.72764554 -0.49502113 -0.70195368 -0.91603422 -0.21981395 -0.22685456 0.23143442 0.05592530 0.07359180 -0.09346984 -0.04133982 -0.02229146 0.17045524 0.02714524 -0.01052863 -0.02711210 0.17349797 0.58507463
