2238.13003869 -38.25027188 1.39093684 23.13507385 29.63626987 -13.19281176 11.53341826 2.48352002 6.11180781 -4.72368097 -326.13892365 469.47210957 26.93600809 -50.35527953 49.83740574 -67.45312871 17.60858178 -21.59258175 2.19940800 -25.90782075 20.25590407 16.39776617 6.70708606 -1.95977015 3.37025360 -0.33021578 2.11079696 -5.49115112 -6.50583796 -1.01081977
-38.25027188 897.45713641 42.30096741 15.00700732 -30.92282879 -13.12282083 3.20609090 -0.50383975 -0.74595835 3.55314016 46.69920944 -135.33263862 -37.72668599 -1.46592674 24.39132739 46.94504974 25.38641617 -16.90251643 -1.27904531 -13.63814752 5.40094764 0.11553808 -1.52346256 3.65488451 2.21149571 5.19845784 1.20133424 1.96055506 0.09471172 -0.42183278
1.39093684 42.30096741 428.28170242 2.65075223 20.76159224 -25.11904643 3.21999503 -2.84692782 -1.70893228 -0.52148964 -108.06123926 -41.98390421 -27.35491531 7.16001711 22.64307173 -11.82198921 21.14189167 -29.07978438 -5.07368826 6.56671236 -4.18327889 -0.14446768 -1.44111593 -1.80397663 -3.46851287 1.72390607 1.55187541 1.04444940 -0.27522597 -0.85733919
23.13507385 15.00700732 2.65075223 209.92440643 -2.79142491 4.18798922 -0.09115688 -0.54817596 0.36228143 -0.31307831 87.31484963 -5.20045159 40.54518118 20.90496105 19.43919340 28.49264040 4.79475174 0.77723627 1.98682622 1.00423170 3.26276535 -1.39554255 -1.83970676 -0.53651624 0.02035748 -1.21661422 0.44322697 -0.07827277 0.23345480 0.25968408
29.63626987 -30.92282879 20.76159224 -2.79142491 127.45966702 1.99225100 0.04543249 0.42195205 -2.68047899 1.31486648 -42.18995011 38.16667707 -22.86087983 -13.10380212 1.40283450 -2.74862023 9.01286392 -5.07945560 -2.35962805 1.15829903 -0.79771559 1.32024565 -0.18649459 -0.12844402 -0.54690317 -0.85200623 1.70649339 1.17158224 0.51210578 0.16954322
-13.19281176 -13.12282083 -25.11904643 4.18798922 1.99225100 62.04686849 -0.18384674 1.93819433 -1.44299953 0.86143222 -31.65634842 -38.31525018 14.23055351 16.23194307 -11.67396312 0.21067204 -6.51499391 -0.05123379 -1.40960404 -0.00687277 2.41805049 -1.84305886 -1.05184551 0.24323355 1.06377013 -0.54175266 0.24273023 0.11999085 -0.03845019 -0.01653763
11.53341826 3.20609090 3.21999503 -0.09115688 0.04543249 -0.18384674 26.61076073 -0.69370643 0.76606285 -0.26886675 -19.79918372 -26.48546757 -16.84788586 -0.90890221 -5.37918727 1.07858331 2.44229829 -1.71458549 1.52172461 -0.23834739 1.07565017 -0.76488161 0.28228687 0.73129747 -0.13245487 0.47136047 0.55210239 0.00457731 -0.45945295 -0.10055789
2.48352002 -0.50383975 -2.84692782 -0.54817596 0.42195205 1.93819433 -0.69370643 17.13259062 -0.61643522 0.02175783 33.09593093 -13.59962224 6.39886859 -5.21773921 13.51631491 0.07549062 2.78906140 1.14765094 2.29647347 2.12706993 -0.74553195 -0.69215179 0.53201298 0.49767525 0.60689803 0.82079270 0.92243119 0.23338138 -0.25999484 0.20171488
6.11180781 -0.74595835 -1.70893228 0.36228143 -2.68047899 -1.44299953 0.76606285 -0.61643522 7.62469643 -0.00982496 -11.80719153 -2.91777242 18.47003670 -8.63541368 0.03741236 -6.94078113 1.63663290 -0.88887033 -0.70007297 -0.69243336 -0.02199223 -0.72225908 -0.37265661 -0.12762949 0.01426254 -0.16706968 -0.25111175 -0.17196282 0.10478432 0.05778329
-4.72368097 3.55314016 -0.52148964 -0.31307831 1.31486648 0.86143222 -0.26886675 0.02175783 -0.00982496 3.36693583 11.37771317 -4.91550161 1.41246387 -4.60882690 2.25347405 -0.00069304 -0.05206808 -0.66249145 0.58654276 -1.18004325 -0.69920828 -0.15970930 0.02381192 -0.02022767 -0.14547560 0.08539754 -0.05008558 -0.09363518 -0.01347224 0.03563115
-326.13892365 46.69920944 -108.06123926 87.31484963 -42.18995011 -31.65634842 -19.79918372 33.09593093 -11.80719153 11.37771317 11010.62558175 485.94548785 350.25190809 156.78239114 16.02148765 45.06353618 22.96570626 59.84920002 4.70743861 39.49632765 10.21328318 -6.29905655 -3.06592633 2.25471230 -5.04015637 7.34125302 -3.80052129 0.50328186 3.97240459 -0.77597912
469.47210957 -135.33263862 -41.98390421 -5.20045159 38.16667707 -38.31525018 -26.48546757 -13.59962224 -2.91777242 -4.91550161 485.94548785 4581.23126051 -453.69448317 67.01875745 -58.96378438 -13.43889043 -0.20373043 -44.53584292 -21.47359741 -2.26200977 7.96183607 24.78966015 -1.56950195 -3.50719846 6.94566624 6.55631812 3.24769900 -0.98513788 2.25336068 0.88371352
26.93600809 -37.72668599 -27.35491531 40.54518118 -22.86087983 14.23055351 -16.84788586 6.39886859 18.47003670 1.41246387 350.25190809 -453.69448317 2070.38582275 -82.50206981 -26.37349851 -21.78772129 35.50641546 13.58815468 17.85502339 13.47289785 -12.71582239 -4.25577301 -0.73936674 -5.71247929 -0.63144641 -5.86465740 -3.83887393 -1.32536846 2.51724381 -0.01739184
-50.35527953 -1.46592674 7.16001711 20.90496105 -13.10380212 16.23194307 -0.90890221 -5.21773921 -8.63541368 -4.60882690 156.78239114 67.01875745 -82.50206981 1175.98648246 48.04896129 -30.56600918 8.25747280 0.50661081 16.28755135 13.54928118 17.32550756 2.57832673 -2.24645262 3.85948418 0.82670665 0.55404148 -4.26115185 -1.04895399 -0.72252831 -0.33444224
49.83740574 24.39132739 22.64307173 19.43919340 1.40283450 -11.67396312 -5.37918727 13.51631491 0.03741236 2.25347405 16.02148765 -58.96378438 -26.37349851 48.04896129 498.38404828 -9.89757164 30.41406096 15.73659879 10.49437688 6.29068139 0.38620392 -0.19317819 3.04716074 0.42645801 2.54180024 -1.21564952 2.34439800 2.56260249 0.56127841 0.12838265
-67.45312871 46.94504974 -11.82198921 28.49264040 -2.74862023 0.21067204 1.07858331 0.07549062 -6.94078113 -0.00069304 45.06353618 -13.43889043 -21.78772129 -30.56600918 -9.89757164 299.65089332 -4.18223244 7.32445797 -11.69264999 0.27200336 -5.29981072 -3.40488167 0.76140236 2.46936121 1.83613236 1.66860026 -0.28296404 -0.36187300 1.03671810 0.27226510
17.60858178 25.38641617 21.14189167 4.79475174 9.01286392 -6.51499391 2.44229829 2.78906140 1.63663290 -0.05206808 22.96570626 -0.20373043 35.50641546 8.25747280 30.41406096 -4.18223244 165.86006772 6.67637867 -2.86971542 4.10675654 -4.64792261 -1.27339740 -0.68040384 0.73092361 -0.63708020 0.81197809 1.45870914 1.53430475 -0.04841940 -0.68141084
-21.59258175 -16.90251643 -29.07978438 0.77723627 -5.07945560 -0.05123379 -1.71458549 1.14765094 -0.88887033 -0.66249145 59.84920002 -44.53584292 13.58815468 0.50661081 15.73659879 7.32445797 6.67637867 84.29839140 -0.08310793 1.93567913 0.16766253 4.74661030 2.04615197 1.39193284 -0.37986042 -0.28237656 0.15387331 0.15654809 -0.40564637 -0.35449829
2.19940800 -1.27904531 -5.07368826 1.98682622 -2.35962805 -1.40960404 1.52172461 2.29647347 -0.70007297 0.58654276 4.70743861 -21.47359741 17.85502339 16.28755135 10.49437688 -11.69264999 -2.86971542 -0.08310793 49.27375451 2.53634855 1.08773215 0.68112854 -0.31509376 -0.75263706 -0.16173862 0.09473067 -0.03075987 0.06084764 -0.04425547 0.51533774
-25.90782075 -13.63814752 6.56671236 1.00423170 1.15829903 -0.00687277 -0.23834739 2.12706993 -0.69243336 -1.18004325 39.49632765 -2.26200977 13.47289785 13.54928118 6.29068139 0.27200336 4.10675654 1.93567913 2.53634855 30.93457213 4.57823424 1.14748533 1.15072692 -0.13896650 0.04721956 0.08547453 -0.02865505 0.57801529 0.50055871 -0.28899245
20.25590407 5.40094764 -4.18327889 3.26276535 -0.79771559 2.41805049 1.07565017 -0.74553195 -0.02199223 -0.69920828 10.21328318 7.96183607 -12.71582239 17.32550756 0.38620392 -5.29981072 -4.64792261 0.16766253 1.08773215 4.57823424 16.45932215 2.86559913 1.17399515 0.18118118 -0.31562781 -0.13374900 0.18481997 0.18358670 0.07466567 -0.09000833
16.39776617 0.11553808 -0.14446768 -1.39554255 1.32024565 -1.84305886 -0.76488161 -0.69215179 -0.72225908 -0.15970930 -6.29905655 24.78966015 -4.25577301 2.57832673 -0.19317819 -3.40488167 -1.27339740 4.74661030 0.68112854 1.14748533 2.86559913 10.50998399 2.30047370 1.21717990 -0.47208653 -0.29093622 -0.12804583 -0.09192554 0.04413477 -0.36371590
6.70708606 -1.52346256 -1.44111593 -1.83970676 -0.18649459 -1.05184551 0.28228687 0.53201298 -0.37265661 0.02381192 -3.06592633 -1.56950195 -0.73936674 -2.24645262 3.04716074 0.76140236 -0.68040384 2.04615197 -0.31509376 1.15072692 1.17399515 2.30047370 6.99693275 1.60534327 -0.54974087 -0.42283370 -0.06150946 -0.21249891 -0.11182882 0.05941673
-1.95977015 3.65488451 -1.80397663 -0.53651624 -0.12844402 0.24323355 0.73129747 0.49767525 -0.12762949 -0.02022767 2.25471230 -3.50719846 -5.71247929 3.85948418 0.42645801 2.46936121 0.73092361 1.39193284 -0.75263706 -0.13896650 0.18118118 1.21717990 1.60534327 3.91782983 0.42910352 0.27732824 0.24405887 -0.17163258 -0.01169961 0.14140467
3.37025360 2.21149571 -3.46851287 0.02035748 -0.54690317 1.06377013 -0.13245487 0.60689803 0.01426254 -0.14547560 -5.04015637 6.94566624 -0.63144641 0.82670665 2.54180024 1.83613236 -0.63708020 -0.37986042 -0.16173862 0.04721956 -0.31562781 -0.47208653 -0.54974087 0.42910352 2.84997732 0.80831239 0.43055877 0.09268986 0.13662054 0.13710355
-0.33021578 5.19845784 1.72390607 -1.21661422 -0.85200623 -0.54175266 0.47136047 0.82079270 -0.16706968 0.08539754 7.34125302 6.55631812 -5.86465740 0.55404148 -1.21564952 1.66860026 0.81197809 -0.28237656 0.09473067 0.08547453 -0.13374900 -0.29093622 -0.42283370 0.27732824 0.80831239 2.06481605 0.63676110 0.22748796 0.07692879 -0.04015523
2.11079696 1.20133424 1.55187541 0.44322697 1.70649339 0.24273023 0.55210239 0.92243119 -0.25111175 -0.05008558 -3.80052129 3.24769900 -3.83887393 -4.26115185 2.34439800 -0.28296404 1.45870914 0.15387331 -0.03075987 -0.02865505 0.18481997 -0.12804583 -0.06150946 0.24405887 0.43055877 0.63676110 1.39956049 0.57229956 0.10114418 0.02338065
-5.49115112 1.96055506 1.04444940 -0.07827277 1.17158224 0.11999085 0.00457731 0.23338138 -0.17196282 -0.09363518 0.50328186 -0.98513788 -1.32536846 -1.04895399 2.56260249 -0.36187300 1.53430475 0.15654809 0.06084764 0.57801529 0.18358670 -0.09192554 -0.21249891 -0.17163258 0.09268986 0.22748796 0.57229956 1.06531522 0.40972591 -0.00541531
-6.50583796 0.09471172 -0.27522597 0.23345480 0.51210578 -0.03845019 -0.45945295 -0.25999484 0.10478432 -0.01347224 3.97240459 2.25336068 2.51724381 -0.72252831 0.56127841 1.03671810 -0.04841940 -0.40564637 -0.04425547 0.50055871 0.07466567 0.04413477 -0.11182882 -0.01169961 0.13662054 0.07692879 0.10114418 0.40972591 0.78999260 0.21539555
-1.01081977 -0.42183278 -0.85733919 0.25968408 0.16954322 -0.01653763 -0.10055789 0.20171488 0.05778329 0.03563115 -0.77597912 0.88371352 -0.01739184 -0.33444224 0.12838265 0.27226510 -0.68141084 -0.35449829 0.51533774 -0.28899245 -0.09000833 -0.36371590 0.05941673 0.14140467 0.13710355 -0.04015523 0.02338065 -0.00541531 0.21539555 0.50300421
